0	0	0	0	0
0.012531	1.658e-05	-1.6064e-05	5.2107e-08	-5.0809e-08
0.025063	0.00012895	-0.00012098	8.1306e-07	-7.7281e-07
0.037594	0.00042308	-0.00038412	4.0141e-06	-3.7179e-06
0.050125	0.0009749	-0.00085601	1.2372e-05	-1.1162e-05
0.062657	0.001851	-0.0015707	2.9457e-05	-2.5878e-05
0.075188	0.0031091	-0.002548	5.9567e-05	-5.0935e-05
0.087719	0.0047992	-0.0037954	0.00010762	-8.9534e-05
0.10025	0.0069635	-0.0053099	0.00017904	-0.00014486
0.11278	0.0096375	-0.0070796	0.00027966	-0.00021997
0.12531	0.01285	-0.0090853	0.00041567	-0.00031767
0.13784	0.016624	-0.011301	0.00059347	-0.00044048
0.15038	0.020978	-0.013698	0.00081966	-0.00059052
0.16291	0.025923	-0.01624	0.0011009	-0.00076947
0.17544	0.031469	-0.018891	0.001444	-0.00097857
0.18797	0.037619	-0.021611	0.0018557	-0.0012186
0.2005	0.044374	-0.02436	0.0023426	-0.0014897
0.21303	0.05173	-0.027096	0.0029113	-0.0017916
0.22556	0.05968	-0.029777	0.0035682	-0.0021235
0.2381	0.068217	-0.032362	0.0043196	-0.0024841
0.25063	0.077327	-0.034811	0.0051716	-0.0028716
0.26316	0.086998	-0.037084	0.0061299	-0.0032838
0.27569	0.097214	-0.039142	0.0072002	-0.0037178
0.28822	0.10796	-0.040949	0.0083876	-0.0041705
0.30075	0.11921	-0.042471	0.0096973	-0.0046383
0.31328	0.13095	-0.043674	0.011134	-0.0051173
0.32581	0.14315	-0.044529	0.012701	-0.0056031
0.33835	0.1558	-0.045007	0.014404	-0.0060913
0.35088	0.16887	-0.045083	0.016246	-0.0065768
0.36341	0.18233	-0.044732	0.018231	-0.0070546
0.37594	0.19617	-0.043935	0.02036	-0.0075193
0.38847	0.21036	-0.042672	0.022638	-0.0079654
0.401	0.22487	-0.040928	0.025066	-0.0083872
0.41353	0.23968	-0.038688	0.027646	-0.008779
0.42607	0.25476	-0.035942	0.03038	-0.0091348
0.4386	0.2701	-0.032679	0.03327	-0.0094489
0.45113	0.28565	-0.028894	0.036316	-0.0097151
0.46366	0.30141	-0.024581	0.039519	-0.0099276
0.47619	0.31734	-0.019739	0.04288	-0.01008
0.48872	0.33342	-0.014365	0.046398	-0.010168
0.50125	0.34964	-0.0084619	0.050073	-0.010184
0.51378	0.36596	-0.0020321	0.053906	-0.010123
0.52632	0.38236	0.0049197	0.057894	-0.0099791
0.53885	0.39883	0.012387	0.062037	-0.0097475
0.55138	0.41533	0.020362	0.066334	-0.0094226
0.56391	0.43186	0.028836	0.070783	-0.0089993
0.57644	0.44839	0.037798	0.075383	-0.0084727
0.58897	0.4649	0.047237	0.080131	-0.0078381
0.6015	0.48138	0.057139	0.085026	-0.0070909
0.61404	0.4978	0.067491	0.090064	-0.0062269
0.62657	0.51415	0.078278	0.095244	-0.005242
0.6391	0.53042	0.089485	0.10056	-0.0041325
0.65163	0.54658	0.1011	0.10602	-0.0028946
0.66416	0.56263	0.11309	0.1116	-0.0015251
0.67669	0.57854	0.12546	0.11732	-2.0995e-05
0.68922	0.59431	0.13818	0.12316	0.0016206
0.70175	0.60992	0.15123	0.12913	0.0034022
0.71429	0.62537	0.16459	0.13521	0.0053262
0.72682	0.64063	0.17825	0.14141	0.0073944
0.73935	0.6557	0.19219	0.14772	0.0096088
0.75188	0.67058	0.20638	0.15414	0.011971
0.76441	0.68524	0.22081	0.16066	0.014482
0.77694	0.69968	0.23546	0.16729	0.017142
0.78947	0.7139	0.25031	0.174	0.019953
0.80201	0.72789	0.26534	0.18082	0.022916
0.81454	0.74164	0.28053	0.18771	0.026029
0.82707	0.75514	0.29586	0.1947	0.029294
0.8396	0.7684	0.31132	0.20176	0.03271
0.85213	0.78139	0.32688	0.2089	0.036276
0.86466	0.79413	0.34253	0.21611	0.039993
0.87719	0.8066	0.35826	0.22338	0.043859
0.88972	0.81881	0.37403	0.23072	0.047872
0.90226	0.83075	0.38984	0.23812	0.052033
0.91479	0.84242	0.40567	0.24557	0.056338
0.92732	0.85381	0.42151	0.25308	0.060787
0.93985	0.86493	0.43733	0.26063	0.065378
0.95238	0.87577	0.45312	0.26822	0.070109
0.96491	0.88634	0.46888	0.27585	0.074977
0.97744	0.89663	0.48458	0.28352	0.07998
0.98997	0.90664	0.5002	0.29122	0.085116
1.0025	0.91638	0.51575	0.29894	0.090382
1.015	0.92584	0.5312	0.30669	0.095776
1.0276	0.93503	0.54655	0.31446	0.10129
1.0401	0.94395	0.56178	0.32224	0.10693
1.0526	0.95259	0.57687	0.33004	0.11269
1.0652	0.96097	0.59183	0.33785	0.11857
1.0777	0.96909	0.60664	0.34566	0.12455
1.0902	0.97693	0.62129	0.35347	0.13065
1.1028	0.98452	0.63577	0.36128	0.13685
1.1153	0.99185	0.65007	0.36909	0.14315
1.1278	0.99893	0.66419	0.37689	0.14955
1.1404	1.0058	0.67812	0.38468	0.15605
1.1529	1.0123	0.69185	0.39245	0.16264
1.1654	1.0187	0.70537	0.40021	0.16931
1.1779	1.0247	0.71868	0.40795	0.17607
1.1905	1.0306	0.73178	0.41567	0.18291
1.203	1.0362	0.74466	0.42336	0.18982
1.2155	1.0416	0.75731	0.43103	0.19681
1.2281	1.0468	0.76973	0.43866	0.20387
1.2406	1.0517	0.78191	0.44627	0.21099
1.2531	1.0565	0.79386	0.45384	0.21818
1.2657	1.061	0.80557	0.46137	0.22542
1.2782	1.0653	0.81704	0.46886	0.23272
1.2907	1.0694	0.82827	0.47632	0.24006
1.3033	1.0733	0.83924	0.48373	0.24746
1.3158	1.077	0.84997	0.49109	0.25489
1.3283	1.0805	0.86046	0.49841	0.26237
1.3409	1.0839	0.87069	0.50568	0.26988
1.3534	1.087	0.88067	0.5129	0.27743
1.3659	1.09	0.89041	0.52007	0.285
1.3784	1.0928	0.89989	0.52719	0.2926
1.391	1.0955	0.90913	0.53425	0.30022
1.4035	1.0979	0.91812	0.54125	0.30786
1.416	1.1003	0.92686	0.5482	0.31551
1.4286	1.1024	0.93536	0.55509	0.32318
1.4411	1.1045	0.94361	0.56192	0.33086
1.4536	1.1063	0.95162	0.56868	0.33854
1.4662	1.1081	0.95938	0.57539	0.34622
1.4787	1.1097	0.96691	0.58203	0.3539
1.4912	1.1112	0.97421	0.58861	0.36158
1.5038	1.1125	0.98127	0.59513	0.36926
1.5163	1.1137	0.98809	0.60158	0.37692
1.5288	1.1148	0.99469	0.60797	0.38457
1.5414	1.1158	1.0011	0.61428	0.39221
1.5539	1.1167	1.0072	0.62053	0.39983
1.5664	1.1174	1.0131	0.62672	0.40743
1.5789	1.1181	1.0189	0.63283	0.41501
1.5915	1.1187	1.0244	0.63888	0.42257
1.604	1.1191	1.0296	0.64486	0.43009
1.6165	1.1195	1.0347	0.65077	0.43759
1.6291	1.1198	1.0396	0.65661	0.44506
1.6416	1.12	1.0443	0.66237	0.45249
1.6541	1.1201	1.0488	0.66807	0.45989
1.6667	1.1201	1.0531	0.6737	0.46725
1.6792	1.1201	1.0572	0.67926	0.47457
1.6917	1.12	1.0611	0.68475	0.48185
1.7043	1.1198	1.0649	0.69017	0.48909
1.7168	1.1196	1.0684	0.69552	0.49628
1.7293	1.1193	1.0718	0.7008	0.50343
1.7419	1.1189	1.075	0.70601	0.51053
1.7544	1.1185	1.0781	0.71115	0.51758
1.7669	1.118	1.081	0.71622	0.52457
1.7794	1.1175	1.0838	0.72122	0.53152
1.792	1.1169	1.0863	0.72615	0.53841
1.8045	1.1163	1.0888	0.73101	0.54525
1.817	1.1156	1.0911	0.7358	0.55204
1.8296	1.1149	1.0932	0.74053	0.55876
1.8421	1.1141	1.0953	0.74519	0.56543
1.8546	1.1133	1.0972	0.74978	0.57204
1.8672	1.1125	1.0989	0.7543	0.57859
1.8797	1.1116	1.1005	0.75875	0.58508
1.8922	1.1108	1.1021	0.76314	0.59151
1.9048	1.1098	1.1034	0.76747	0.59788
1.9173	1.1089	1.1047	0.77172	0.60418
1.9298	1.1079	1.1059	0.77592	0.61042
1.9424	1.1069	1.1069	0.78004	0.6166
1.9549	1.1059	1.1079	0.78411	0.62271
1.9674	1.1049	1.1087	0.78811	0.62876
1.9799	1.1038	1.1095	0.79205	0.63474
1.9925	1.1028	1.1102	0.79592	0.64066
2.005	1.1017	1.1107	0.79974	0.64651
2.0175	1.1006	1.1112	0.80349	0.65229
2.0301	1.0995	1.1116	0.80718	0.65801
2.0426	1.0983	1.1119	0.81082	0.66366
2.0551	1.0972	1.1122	0.81439	0.66924
2.0677	1.0961	1.1123	0.8179	0.67476
2.0802	1.0949	1.1124	0.82136	0.68021
2.0927	1.0937	1.1124	0.82476	0.68559
2.1053	1.0926	1.1124	0.8281	0.69091
2.1178	1.0914	1.1123	0.83139	0.69616
2.1303	1.0903	1.1121	0.83462	0.70134
2.1429	1.0891	1.1119	0.8378	0.70645
2.1554	1.0879	1.1116	0.84092	0.7115
2.1679	1.0867	1.1113	0.84399	0.71648
2.1805	1.0856	1.1109	0.847	0.72139
2.193	1.0844	1.1104	0.84997	0.72624
2.2055	1.0832	1.11	0.85288	0.73102
2.218	1.0821	1.1094	0.85574	0.73574
2.2306	1.0809	1.1089	0.85855	0.74039
2.2431	1.0797	1.1082	0.86131	0.74497
2.2556	1.0786	1.1076	0.86402	0.74949
2.2682	1.0774	1.1069	0.86669	0.75395
2.2807	1.0763	1.1062	0.86931	0.75834
2.2932	1.0751	1.1055	0.87188	0.76267
2.3058	1.074	1.1047	0.8744	0.76693
2.3183	1.0729	1.1039	0.87688	0.77113
2.3308	1.0718	1.103	0.87931	0.77527
2.3434	1.0707	1.1022	0.8817	0.77935
2.3559	1.0695	1.1013	0.88405	0.78336
2.3684	1.0685	1.1004	0.88635	0.78732
2.381	1.0674	1.0995	0.88861	0.79121
2.3935	1.0663	1.0985	0.89083	0.79504
2.406	1.0652	1.0976	0.89301	0.79882
2.4185	1.0642	1.0966	0.89515	0.80253
2.4311	1.0631	1.0956	0.89725	0.80619
2.4436	1.0621	1.0946	0.89931	0.80978
2.4561	1.0611	1.0936	0.90133	0.81332
2.4687	1.0601	1.0926	0.90331	0.81681
2.4812	1.0591	1.0915	0.90526	0.82024
2.4937	1.0581	1.0905	0.90717	0.82361
2.5063	1.0571	1.0894	0.90904	0.82693
2.5188	1.0561	1.0884	0.91088	0.83019
2.5313	1.0552	1.0873	0.91268	0.8334
2.5439	1.0542	1.0863	0.91445	0.83655
2.5564	1.0533	1.0852	0.91618	0.83966
2.5689	1.0523	1.0841	0.91788	0.84271
2.5815	1.0514	1.083	0.91955	0.84571
2.594	1.0505	1.082	0.92119	0.84865
2.6065	1.0496	1.0809	0.92279	0.85155
2.619	1.0488	1.0798	0.92437	0.8544
2.6316	1.0479	1.0787	0.92591	0.8572
2.6441	1.0471	1.0777	0.92743	0.85996
2.6566	1.0462	1.0766	0.92891	0.86266
2.6692	1.0454	1.0755	0.93037	0.86532
2.6817	1.0446	1.0745	0.93179	0.86793
2.6942	1.0438	1.0734	0.93319	0.87049
2.7068	1.043	1.0724	0.93456	0.87302
2.7193	1.0422	1.0713	0.93591	0.87549
2.7318	1.0414	1.0703	0.93723	0.87792
2.7444	1.0407	1.0692	0.93852	0.88031
2.7569	1.0399	1.0682	0.93979	0.88266
2.7694	1.0392	1.0672	0.94103	0.88496
2.782	1.0385	1.0661	0.94225	0.88722
2.7945	1.0377	1.0651	0.94344	0.88945
2.807	1.037	1.0641	0.94461	0.89163
2.8195	1.0363	1.0631	0.94576	0.89377
2.8321	1.0357	1.0621	0.94688	0.89587
2.8446	1.035	1.0612	0.94798	0.89794
2.8571	1.0343	1.0602	0.94906	0.89996
2.8697	1.0337	1.0592	0.95012	0.90195
2.8822	1.0331	1.0583	0.95116	0.90391
2.8947	1.0324	1.0573	0.95217	0.90582
2.9073	1.0318	1.0564	0.95317	0.9077
2.9198	1.0312	1.0555	0.95414	0.90955
2.9323	1.0306	1.0546	0.9551	0.91136
2.9449	1.03	1.0536	0.95604	0.91314
2.9574	1.0294	1.0528	0.95695	0.91488
2.9699	1.0289	1.0519	0.95785	0.91659
2.9825	1.0283	1.051	0.95874	0.91827
2.995	1.0278	1.0501	0.9596	0.91992
3.0075	1.0272	1.0493	0.96044	0.92154
3.0201	1.0267	1.0484	0.96127	0.92312
3.0326	1.0262	1.0476	0.96208	0.92468
3.0451	1.0257	1.0468	0.96288	0.9262
3.0576	1.0252	1.046	0.96366	0.9277
3.0702	1.0247	1.0452	0.96442	0.92917
3.0827	1.0242	1.0444	0.96517	0.93061
3.0952	1.0237	1.0436	0.9659	0.93202
3.1078	1.0233	1.0428	0.96662	0.9334
3.1203	1.0228	1.0421	0.96732	0.93476
3.1328	1.0224	1.0413	0.96801	0.93609
3.1454	1.0219	1.0406	0.96868	0.9374
3.1579	1.0215	1.0399	0.96934	0.93868
3.1704	1.0211	1.0391	0.96999	0.93993
3.183	1.0207	1.0384	0.97063	0.94117
3.1955	1.0203	1.0377	0.97125	0.94237
3.208	1.0198	1.0371	0.97185	0.94356
3.2206	1.0195	1.0364	0.97245	0.94472
3.2331	1.0191	1.0357	0.97303	0.94585
3.2456	1.0187	1.0351	0.9736	0.94697
3.2581	1.0183	1.0344	0.97416	0.94806
3.2707	1.018	1.0338	0.97471	0.94913
3.2832	1.0176	1.0332	0.97525	0.95018
3.2957	1.0172	1.0325	0.97577	0.95121
3.3083	1.0169	1.0319	0.97629	0.95222
3.3208	1.0166	1.0313	0.97679	0.95321
3.3333	1.0162	1.0308	0.97728	0.95418
3.3459	1.0159	1.0302	0.97777	0.95513
3.3584	1.0156	1.0296	0.97824	0.95606
3.3709	1.0153	1.029	0.9787	0.95697
3.3835	1.015	1.0285	0.97915	0.95787
3.396	1.0147	1.028	0.9796	0.95874
3.4085	1.0144	1.0274	0.98003	0.9596
3.4211	1.0141	1.0269	0.98046	0.96044
3.4336	1.0138	1.0264	0.98088	0.96127
3.4461	1.0135	1.0259	0.98128	0.96207
3.4586	1.0132	1.0254	0.98168	0.96287
3.4712	1.013	1.0249	0.98208	0.96364
3.4837	1.0127	1.0244	0.98246	0.9644
3.4962	1.0124	1.024	0.98283	0.96515
3.5088	1.0122	1.0235	0.9832	0.96588
3.5213	1.0119	1.023	0.98356	0.96659
3.5338	1.0117	1.0226	0.98391	0.96729
3.5464	1.0115	1.0222	0.98426	0.96798
3.5589	1.0112	1.0217	0.98459	0.96865
3.5714	1.011	1.0213	0.98492	0.96931
3.584	1.0108	1.0209	0.98525	0.96995
3.5965	1.0106	1.0205	0.98556	0.97058
3.609	1.0103	1.0201	0.98587	0.9712
3.6216	1.0101	1.0197	0.98618	0.97181
3.6341	1.0099	1.0193	0.98647	0.9724
3.6466	1.0097	1.0189	0.98677	0.97299
3.6591	1.0095	1.0186	0.98705	0.97356
3.6717	1.0093	1.0182	0.98733	0.97411
3.6842	1.0091	1.0178	0.9876	0.97466
3.6967	1.0089	1.0175	0.98787	0.9752
3.7093	1.0088	1.0171	0.98813	0.97572
3.7218	1.0086	1.0168	0.98839	0.97623
3.7343	1.0084	1.0165	0.98864	0.97674
3.7469	1.0082	1.0161	0.98888	0.97723
3.7594	1.0081	1.0158	0.98912	0.97771
3.7719	1.0079	1.0155	0.98936	0.97818
3.7845	1.0077	1.0152	0.98959	0.97865
3.797	1.0076	1.0149	0.98981	0.9791
3.8095	1.0074	1.0146	0.99003	0.97954
3.8221	1.0073	1.0143	0.99025	0.97998
3.8346	1.0071	1.014	0.99046	0.9804
3.8471	1.007	1.0137	0.99066	0.98082
3.8596	1.0068	1.0135	0.99087	0.98123
3.8722	1.0067	1.0132	0.99106	0.98163
3.8847	1.0065	1.0129	0.99126	0.98202
3.8972	1.0064	1.0127	0.99145	0.9824
3.9098	1.0063	1.0124	0.99163	0.98278
3.9223	1.0061	1.0122	0.99181	0.98315
3.9348	1.006	1.0119	0.99199	0.98351
3.9474	1.0059	1.0117	0.99217	0.98386
3.9599	1.0058	1.0114	0.99234	0.9842
3.9724	1.0056	1.0112	0.9925	0.98454
3.985	1.0055	1.011	0.99267	0.98487
3.9975	1.0054	1.0108	0.99283	0.98519
4.01	1.0053	1.0105	0.99298	0.98551
4.0226	1.0052	1.0103	0.99313	0.98582
4.0351	1.0051	1.0101	0.99328	0.98613
4.0476	1.005	1.0099	0.99343	0.98642
4.0602	1.0049	1.0097	0.99357	0.98671
4.0727	1.0048	1.0095	0.99371	0.987
4.0852	1.0047	1.0093	0.99385	0.98728
4.0977	1.0046	1.0091	0.99398	0.98755
4.1103	1.0045	1.0089	0.99412	0.98782
4.1228	1.0044	1.0088	0.99424	0.98808
4.1353	1.0043	1.0086	0.99437	0.98834
4.1479	1.0042	1.0084	0.99449	0.98859
4.1604	1.0041	1.0082	0.99461	0.98883
4.1729	1.004	1.0081	0.99473	0.98907
4.1855	1.0039	1.0079	0.99485	0.98931
4.198	1.0039	1.0077	0.99496	0.98954
4.2105	1.0038	1.0076	0.99507	0.98977
4.2231	1.0037	1.0074	0.99518	0.98999
4.2356	1.0036	1.0073	0.99528	0.9902
4.2481	1.0035	1.0071	0.99539	0.99041
4.2607	1.0035	1.007	0.99549	0.99062
4.2732	1.0034	1.0068	0.99559	0.99082
4.2857	1.0033	1.0067	0.99568	0.99102
4.2982	1.0033	1.0065	0.99578	0.99122
4.3108	1.0032	1.0064	0.99587	0.99141
4.3233	1.0031	1.0063	0.99596	0.99159
4.3358	1.0031	1.0061	0.99605	0.99177
4.3484	1.003	1.006	0.99614	0.99195
4.3609	1.0029	1.0059	0.99622	0.99213
4.3734	1.0029	1.0058	0.9963	0.9923
4.386	1.0028	1.0057	0.99639	0.99247
4.3985	1.0027	1.0055	0.99647	0.99263
4.411	1.0027	1.0054	0.99654	0.99279
4.4236	1.0026	1.0053	0.99662	0.99295
4.4361	1.0026	1.0052	0.99669	0.9931
4.4486	1.0025	1.0051	0.99677	0.99325
4.4612	1.0025	1.005	0.99684	0.9934
4.4737	1.0024	1.0049	0.99691	0.99354
4.4862	1.0024	1.0048	0.99698	0.99368
4.4987	1.0023	1.0047	0.99704	0.99382
4.5113	1.0023	1.0046	0.99711	0.99395
4.5238	1.0022	1.0045	0.99717	0.99408
4.5363	1.0022	1.0044	0.99723	0.99421
4.5489	1.0021	1.0043	0.9973	0.99434
4.5614	1.0021	1.0042	0.99736	0.99446
4.5739	1.002	1.0041	0.99741	0.99458
4.5865	1.002	1.004	0.99747	0.9947
4.599	1.0019	1.004	0.99753	0.99482
4.6115	1.0019	1.0039	0.99758	0.99493
4.6241	1.0019	1.0038	0.99764	0.99504
4.6366	1.0018	1.0037	0.99769	0.99515
4.6491	1.0018	1.0036	0.99774	0.99526
4.6617	1.0017	1.0036	0.99779	0.99536
4.6742	1.0017	1.0035	0.99784	0.99546
4.6867	1.0017	1.0034	0.99789	0.99556
4.6992	1.0016	1.0033	0.99793	0.99566
4.7118	1.0016	1.0033	0.99798	0.99575
4.7243	1.0016	1.0032	0.99802	0.99585
4.7368	1.0015	1.0031	0.99807	0.99594
4.7494	1.0015	1.0031	0.99811	0.99603
4.7619	1.0015	1.003	0.99815	0.99611
4.7744	1.0014	1.0029	0.99819	0.9962
4.787	1.0014	1.0029	0.99823	0.99628
4.7995	1.0014	1.0028	0.99827	0.99636
4.812	1.0013	1.0028	0.99831	0.99644
4.8246	1.0013	1.0027	0.99835	0.99652
4.8371	1.0013	1.0026	0.99839	0.9966
4.8496	1.0013	1.0026	0.99842	0.99667
4.8622	1.0012	1.0025	0.99846	0.99675
4.8747	1.0012	1.0025	0.99849	0.99682
4.8872	1.0012	1.0024	0.99852	0.99689
4.8997	1.0012	1.0024	0.99856	0.99696
4.9123	1.0011	1.0023	0.99859	0.99702
4.9248	1.0011	1.0023	0.99862	0.99709
4.9373	1.0011	1.0022	0.99865	0.99715
4.9499	1.0011	1.0022	0.99868	0.99722
4.9624	1.001	1.0021	0.99871	0.99728
4.9749	1.001	1.0021	0.99874	0.99734
4.9875	1.001	1.002	0.99877	0.9974
5	1.001	1.002	0.9988	0.99745
